0 5749 5815 5747 5813 5741 5584 5846 5735 5857 5757 5764 5738 5796 0 5789 5796 5708 5734 5788 5873 5720 5803 5713 5775 5615 5786 5825 5601 5777 5640 5748 5686 5710 0 5749 5601 0 5654 5651 5825 5611 5677 5702 5677 5737 5677 5805 5731 5772 5793 5748 5881 5784 5777 5801 5731 5638 5713 5802 5794 5803 5754 5770 5669 5629 5831 5756 5748 0 5705 5720 0 5670 5768 5660 5911 5642 5641 5632 5712 5653 5636 5767 5576 5751 0 5688 5631 0 5725 5812 5813 5836 5648 0 5767 5798 5924 5714
5675 5654 5657 5758 5841 5725 5837 5719 5663 5748 5760 5724 5727 5711 5730 5731 5771 5678 5698 5713 0 5739 5718 5737 5680 5584 5693 5698 5879 5823 5826 5818 5678 5865 5713 5753 5746 5599 5809 0 5688 0 5713 5747 5754 5662 0 0 5734 5772 5734 5727 5675 5881 5887 5673 5810 5884 5738 5760 5717 5632 5749 5783 5625 5689 5710 5839 5641 5801 0 5741 5772 5760 5748 5732 5830 5716 5710 5772 5615 5796 5754 5558 5612 5684 5644 5611 5699 5742 5920 0 5687 5775 5734 5635 5708 5827 5703 5712
5704 5721 5764 5776 5773 5754 5944 5692 5792 5670 0 5779 5852 5770 5899 5728 5824 5797 5674 5732 5620 5758 5796 5743 5783 5672 5719 5736 5466 5702 5776 5605 5878 5734 5688 5687 5749 5667 5695 5568 5780 5658 5703 5776 0 5695 5753 0 5704 5644 5790 5556 5737 5634 5770 5737 5818 5625 0 5655 5725 5725 5743 0 0 5620 5535 5771 5813 5828 5784 5799 5659 5710 5691 5724 5657 5625 5699 5683 5733 5749 5900 5636 5791 5691 5688 5628 5644 5752 5641 0 5702 0 5734 5758 5684 5788 5730 5669
5690 5825 5666 5671 5765 5676 5615 5706 5770 5661 5816 5613 5690 5770 5690 5703 5645 5778 5839 5708 5750 5720 5803 5705 0 5844 5641 0 0 5803 5763 5777 5582 5784 5674 5727 5554 5684 5709 5698 5821 0 5773 5581 0 5755 5740 5787 5697 5677 5635 5747 5807 5659 5660 5640 5742 5744 5760 5698 5894 0 5748 5674 5638 0 5680 5763 5679 5623 5674 5639 5699 5811 5768 5792 5759 5656 5856 5733 5712 5674 5687 5678 5787 5639 5779 5781 5695 5685 5655 0 0 5621 5688 5703 5912 5824 5626 5807
5803 0 5847 0 5785 0 5834 5778 5764 0 0 5757 5643 5895 5800 5813 5783 5787 5678 5670 5596 5691 5688 5644 5672 0 5657 5587 5640 5837 5783 5679 5713 5710 0 5731 5776 5785 5667 5743 5833 5819 5803 5704 5759 5648 5827 5715 5727 5657 5679 5765 5663 5651 5739 5738 5699 5675 5823 5700 5776 5673 5598 5766 0 5704 5812 5709 5818 5832 5720 5601 5713 5647 5693 5785 5580 5742 5714 5767 0 5730 5757 5788 5844 5627 5721 0 5708 5691 0 5698 5807 5718 5634 5727 5742 5688 5679 0
5666 5703 5737 5794 5839 5750 5737 5705 5670 5601 5715 5831 5826 5741 5781 5714 5800 5640 5740 5708 0 5678 5832 5837 0 5673 5676 5819 5679 5729 5733 5661 5880 5765 5776 0 0 5699 5832 5773 5735 5675 5717 5657 5807 5589 5704 0 0 0 5652 0 5609 0 5609 5694 5701 5731 5851 5754 5722 5545 0 5597 5714 5762 5660 5614 5805 5706 5630 5805 5687 5746 5679 0 5714 5713 5723 5628 5659 5647 5708 5711 5697 5767 5769 5688 5672 5820 5673 5654 5883 5741 5582 5699 5755 5781 0 5587
5603 5705 5734 5877 5807 5758 5654 5752 5919 5776 5787 0 5753 5659 5751 5671 5724 5550 5741 5723 5601 5771 5739 5695 5872 5822 5786 5779 0 5874 5630 5645 5689 0 5814 5642 5778 5791 5785 5646 5733 5739 5900 5726 0 5653 5719 5843 5671 5683 5638 5614 5658 5703 5716 5515 5767 0 0 5681 5662 5780 5670 5684 5864 5808 5675 0 5622 0 5670 5605 5677 0 5662 5771 5540 5656 5802 0 5847 5670 5639 5552 5823 5830 5761 5644 5781 5707 5657 5730 5773 5677 5746 5525 5787 5649 5736 5853
5802 5723 5682 5781 0 5781 5834 5649 5679 5766 5758 5660 5745 5686 5811 5863 5743 5744 5697 5830 0 0 5896 5718 5719 5759 5833 5831 5632 5905 5609 5793 5744 5755 5700 5516 5740 5769 0 5799 0 5805 5697 5639 5821 5673 5725 5738 5830 5585 0 0 5794 5726 5740 5727 0 5816 5785 5720 5850 5755 5662 5787 5791 5866 5691 0 0 5681 5787 0 5586 5606 5724 5700 0 5710 5743 5735 5593 5751 5736 5776 5683 5733 5537 5733 0 5829 5851 5802 5756 5831 5734 0 5836 5751 5656 5610
5624 5715 5637 5770 0 5751 5660 5728 5752 5730 0 5807 5721 5725 5802 5712 5851 5662 0 5630 5709 5768 5809 5918 5753 5633 5611 5780 5790 5747 5656 5784 5764 5722 5857 5822 0 5652 5645 5684 5799 5668 5785 5814 5713 5763 5805 5718 5696 5732 5690 5741 5812 5689 5856 5666 5597 5737 5678 5769 5560 5777 5627 5806 5736 5674 5846 5703 5755 5620 5687 5649 5579 5825 0 5797 5760 5535 5845 5710 5666 5721 5760 5670 5803 5784 5775 5779 5698 5829 5780 5653 5717 5693 5745 5811 5788 5820 5732 5704
5823 5761 5772 5719 5764 5701 5701 5700 5646 5755 5647 5675 5680 5828 5741 5757 5862 5818 5656 5633 5775 5751 5632 5800 5602 5667 5765 5561 5674 5695 5677 5683 0 5739 0 5714 5852 5753 5933 5715 5820 5724 0 5578 5709 5754 5850 5748 5641 5704 5787 5804 5696 5657 5666 0 5589 5673 5705 5728 5724 5717 5671 5844 5728 5765 0 5771 5739 5756 5870 5660 5791 0 5603 5866 5743 5779 5644 5749 5637 5688 5776 5703 5730 5771 5743 5769 5791 5829 5702 5781 5786 5765 5866 0 5658 5699 5729 5738
5873 5734 5774 5837 5699 5771 0 5658 5675 5769 5785 5660 5590 5602 5633 5828 5666 5844 5833 5730 5638 5748 5686 5775 5803 5762 0 5916 5762 5853 5781 5744 5867 0 5814 5721 5719 5771 5778 5803 5685 5611 0 5686 5680 5803 0 5815 5804 5628 5702 5646 5889 0 5657 5745 5713 5765 5722 5795 5699 0 5895 5694 5759 5769 5623 5788 0 5624 5881 5686 5661 5859 5767 5718 0 5708 5528 5811 5629 5810 5834 5631 5803 5693 0 5613 5786 5725 0 5766 5777 5729 5659 5853 0 5800 5665 5690
5779 5768 5670 5669 0 5789 5775 5773 5656 0 5860 5616 5593 5759 5728 5688 0 5787 5699 5702 5808 5753 5793 0 5788 5810 5703 5765 5752 5818 5700 5649 5646 5611 5603 5823 5723 5653 5732 5601 0 5615 5705 0 5735 5863 5815 5680 5668 5868 5687 5803 5753 5758 5676 5710 5703 5741 5648 5672 5876 0 5726 5848 0 5752 5750 0 5783 5589 5751 5718 5742 5587 5807 5739 5840 5781 5668 5642 5831 5750 5580 5734 5720 5873 5782 5760 5754 5562 5775 5720 5538 5696 5697 5600 5864 5660 5622 5664
0 5853 5696 5754 5719 5875 5759 5661 5800 0 5810 5910 5727 5777 5641 5772 5763 5802 5678 5770 0 5873 5733 5677 0 0 5764 5703 5914 5775 0 0 5804 5593 5733 5643 5818 5647 5754 0 5662 5844 5761 5916 5817 5615 5708 5713 5572 5709 5673 5699 5906 5695 5871 5641 5720 5762 5639 5665 0 5787 5709 5826 5823 5723 5752 5673 5733 5783 5796 5714 5679 5670 5770 5685 0 5652 5661 5733 5813 5618 5761 5797 5655 0 5696 5748 5833 5669 5802 5657 5922 5761 5699 5745 5826 5837 0 5597
5649 5703 5765 5737 5827 5903 0 5760 5618 5724 0 5851 5680 5690 5748 0 5773 5834 5587 5833 5693 5620 5747 5681 5787 0 5766 5718 5631 5675 5793 5747 5739 5768 5717 5671 5728 0 5816 5723 5690 5766 5725 5762 5754 5638 5744 5761 5934 0 5638 5694 5565 5746 5789 5821 5737 0 5754 0 0 5763 0 5799 5707 5655 5697 5839 5835 5619 5727 5673 5634 0 5865 5651 5704 0 5742 5818 5738 0 5823 5838 5747 5737 5765 5738 5751 5794 5724 5600 5691 5680 5717 5687 5690 5794 5859 5614
5742 5793 5691 5745 5802 5868 5764 0 0 5725 5790 5856 5700 5897 5699 5694 5744 5799 0 5662 5779 5569 5630 5573 5704 5790 5757 5688 5689 0 5925 5797 5742 5800 5835 5712 0 5813 5761 5646 5665 5787 5628 5797 5838 5669 5680 5660 5790 5698 5900 5842 5793 5754 5672 0 5850 5792 5661 5691 0 5649 5540 5776 5653 5783 5803 0 5740 5817 5608 5757 5696 5718 5717 5759 5615 5794 5735 5695 5691 5753 5586 5653 5674 5655 5707 5787 5667 5701 5623 5807 5508 5704 5837 5768 5771 5870 5780 5649
5728 5723 5731 5781 5784 0 5714 5699 5817 5713 5685 5705 5681 5696 5699 5774 5739 5793 5824 5674 5679 5798 5629 5783 0 5936 5593 5855 5692 5623 5669 5612 5737 5746 5853 5752 5758 5727 5674 5746 5679 5809 5856 0 5822 5904 5735 5591 5654 5714 0 5903 5674 5857 5737 5860 5763 5700 0 5709 5705 0 0 5758 5811 5744 5846 5702 5725 5735 5686 5745 5740 5688 5702 5651 5819 5694 0 5687 0 0 0 5773 5696 5679 5859 5819 5756 0 5796 5776 5716 5750 5746 5808 5677 5779 5619 5716
0 5699 0 5616 5617 5778 5902 5677 5689 5867 5655 5843 5734 5654 5520 5738 5706 5626 5783 5616 5705 5742 5837 5611 5544 5692 0 5871 5734 5786 5745 5794 5799 5721 5735 5910 5789 5710 5715 5727 5608 0 5678 5708 5673 5748 5810 5834 5834 0 5664 5723 5772 5766 5643 5651 5752 5825 5706 5781 5730 5690 5712 5653 5847 5856 5715 5732 5810 5683 5752 5552 0 0 5746 5740 5743 5533 5739 5588 5588 5849 5726 5651 5651 5710 5744 5823 5807 5755 5682 5675 5761 5751 5885 5641 5834 5807 5692 5763
5771 5826 5594 5831 0 5714 5839 5577 5685 5722 5617 5873 5696 5707 0 5663 0 5667 5662 5659 5676 5873 5670 5685 5847 5847 0 5904 5735 5690 5664 5714 5861 5681 5766 5723 0 0 5693 5862 5659 5749 5810 5873 5779 5638 0 5646 5733 0 5700 5746 5704 5736 5789 5702 5806 5674 5695 5661 5803 5690 5685 5759 5785 5778 5847 5683 5810 5804 5708 5859 5782 5817 5852 5680 5795 5685 5780 5711 5707 5697 5779 0 0 5633 0 5687 5654 0 5864 5657 5729 5811 5566 5639 5677 5596 5871 5600
0 5625 0 0 0 5684 5742 5731 0 5706 5570 5708 0 5634 5680 5612 5755 5774 5698 5718 5553 5846 5816 5916 5757 5568 5691 5773 5649 5648 5671 5659 5725 5744 0 5840 5638 5838 0 5714 0 5769 5707 5788 5758 5759 5642 5756 5756 0 5656 5499 5909 5711 5736 5710 5635 5681 5777 5779 5825 5629 5716 5718 5874 0 5817 5715 5832 5818 5637 5811 5707 0 5738 5719 5666 5765 5780 5765 5670 5680 5833 5835 5779 5667 5678 5740 5762 5755 5771 5634 5656 5836 5739 5710 5697 5677 5680 5854
5593 5808 5704 5768 5853 5546 5729 5759 5717 5662 5717 5781 5646 5780 5721 5690 5736 5722 5676 5680 5656 5785 5747 5715 0 5661 5948 5765 5708 0 0 5756 5819 5780 5408 0 5764 5701 5831 5714 5754 5838 0 5752 5673 0 5753 5774 5577 5688 5622 5817 5703 5718 5697 5813 5682 5681 5641 5650 5698 5676 5660 5744 5768 5725 5627 5691 5695 5752 5625 5722 5643 5717 5882 5762 5805 5655 5745 5691 5686 5643 5698 5759 5790 5693 5749 5826 5739 5740 5566 5490 5831 5751 5698 5766 5540 5780 5561 5801
5614 5755 5824 5756 5692 5797 5680 5702 5690 5723 5738 5810 5569 5754 5658 5787 5822 5694 5786 5637 5872 5751 5642 5842 0 5696 0 5730 5666 0 5691 5705 5752 5691 0 5795 5755 5673 5859 5688 5698 5654 5889 5679 5775 0 5605 5747 5590 5758 5709 0 5695 5787 5631 5791 5798 5697 5782 5796 5692 5625 5794 5598 5819 5668 5716 5716 0 5777 5772 5675 5724 0 5798 5612 5819 5715 5659 5752 5719 0 5743 5721 5655 5605 0 5605 0 5635 5637 5679 5771 5862 5813 5699 5733 5839 0 5641
5668 5821 5762 5818 5748 5788 5752 5758 5647 5796 5771 5682 5780 5798 5805 5693 5715 5648 5700 5838 5651 5750 5693 5713 5731 0 5574 5762 5769 5738 5702 5717 5623 5846 5660 5755 5730 5667 0 5716 5796 5663 5746 5825 5818 5716 5679 5765 0 5644 5652 5612 5792 5722 5713 5602 5607 5774 5736 5688 5656 0 0 5717 5703 5825 5794 5687 0 5699 5752 5853 5731 5784 0 5878 5672 5577 5816 5678 5726 5685 5727 0 5662 0 5985 0 5869 5681 5708 5685 0 5733 5827 5746 5830 5785 5772 5736
5788 5784 0 5576 5793 5650 5748 0 5686 5539 5784 5812 5775 0 5783 5892 5723 5754 5780 5718 5675 5716 5713 5760 5808 5801 5781 5819 5812 5587 5743 5756 5787 5700 5764 5823 5663 5578 5689 0 5712 5640 0 5767 5776 0 5735 5723 5727 5706 5662 5684 0 5746 0 5640 5692 5860 5815 5777 5754 5834 5784 5674 5843 5711 5749 5782 5782 5628 5797 5626 5820 5797 5725 0 5806 5694 5787 5781 5631 5762 0 5773 5784 5794 5681 5791 5646 5604 5863 5734 5677 5656 5742 5949 5719 5761 5857 5944
5792 5687 5737 5835 5621 5736 5715 5786 0 5794 0 5723 5646 5606 5505 5709 5668 5691 5667 5636 5642 5788 5788 5819 5696 5721 5760 5688 5813 0 5631 5800 5689 5745 5705 5593 5691 5841 5731 5760 5700 5802 5687 5682 0 5615 5625 5776 5756 0 5830 5781 5741 5751 5701 5833 5706 5823 5692 0 5706 5597 5747 5664 0 5783 5870 5732 5737 5716 5699 5781 5724 5689 0 5544 5756 5740 5645 5826 5783 5884 5780 5719 5610 5730 5817 5772 5765 5649 5721 0 5757 5701 5721 0 5679 5687 5691 5823
5775 5626 5787 5613 5677 5863 5671 5567 5746 5752 5700 5756 5766 5726 5810 5624 0 5846 5712 5719 5822 5712 5661 5824 5765 5637 0 5739 5657 5626 5618 0 5753 5722 5715 5876 5618 5693 0 5853 5747 5761 5749 5750 5624 5760 5794 5604 5726 5649 5852 5890 5634 5644 5655 5719 5711 5822 5763 5671 5806 0 5734 5812 5732 5774 5701 5746 5668 5709 5726 5811 5751 5804 5625 5637 5738 5705 0 5793 5638 5829 5717 5787 5799 5827 5662 5781 5671 5744 5602 5845 5721 5721 5772 5812 5621 5702 5714 5699
5733 5681 5641 5631 5588 5650 5758 5814 5694 0 5648 5622 5710 5691 5728 5888 5822 5732 5675 5746 5884 0 5745 5661 5563 5680 5828 5750 5793 5590 5676 5683 5741 5796 5668 5779 5831 5669 5638 5599 5705 5817 0 5788 5731 5755 5760 5889 5711 5752 5759 5628 0 5661 5655 5785 5848 5693 5930 5800 0 5807 5703 0 5660 0 5797 5799 5638 5654 5797 5788 5724 5798 5697 5672 5637 5718 5725 5786 5766 5797 5772 5834 5698 0 0 0 0 5711 5746 5807 5573 5591 5590 5771 5679 5768 5813 5720
0 5889 5702 0 5662 5721 5647 5803 5695 5727 5693 0 5823 5672 5830 5794 5869 5659 5699 0 5671 0 5773 5629 5883 5803 0 5701 5747 5746 5671 5743 5742 5734 5760 5715 5820 5632 5797 5715 5815 5779 5691 5687 5778 5772 5712 0 5804 5650 5732 0 5713 5783 5774 5787 5705 5741 5848 0 5765 5644 5640 5651 5992 5713 5612 5714 5784 5619 5590 0 5712 5749 5713 5744 5764 5760 5763 5744 5681 5734 0 5779 5746 5696 5695 5709 5676 5828 5659 5754 5696 5697 0 5808 5682 5806 5852 5641
5854 5703 5695 5650 5707 5918 5765 5767 5772 5743 5780 5759 5781 5695 5620 5733 0 0 5612 5735 5728 5951 5576 5676 5618 5667 0 0 5811 5608 5616 5773 5659 5791 5659 5619 0 5683 5717 5887 0 5858 5754 5808 5888 5811 5679 5783 5759 5704 5730 0 5655 5610 5723 5668 5688 5717 5796 5868 5660 5741 5734 5711 5823 5823 5829 5652 5822 5754 5735 5931 5598 5778 5707 5583 5736 5634 5754 5699 5827 5771 5738 5680 5768 5830 0 5573 5752 5712 5780 5573 5739 5672 5677 5653 5774 0 5761 5729
5736 5625 0 5721 5806 5830 5640 5708 5585 5789 5686 5679 5695 5746 5818 5650 5704 5687 0 5738 5770 5629 5822 5717 5720 5782 5747 5787 5743 5765 0 5737 5651 5632 5712 0 5691 5803 5716 5791 5726 5732 5725 5689 5786 5667 5815 5754 0 5718 5872 5869 5808 5654 5701 0 5773 5749 5690 5817 5654 5654 5704 5735 0 5774 5696 5789 5655 5820 5643 5654 5722 5728 5715 5602 5626 0 5742 5701 5855 5725 5717 5756 5728 5844 5681 5790 5864 5660 5705 5765 5785 5737 5620 5746 5685 5752 5720 5701
0 5779 5761 0 5796 5725 5817 5657 5601 5628 0 5689 5791 5778 5773 5803 5746 5716 5789 5774 0 5917 5665 0 5733 5685 0 5804 5631 5627 5687 5718 5871 5689 5728 5829 5804 5715 0 5689 5748 5743 5560 5789 0 5757 5872 5746 5695 5735 0 5895 5897 5687 0 5826 5731 0 5590 0 5652 0 5669 5621 5666 0 5663 5743 5679 5783 5781 5831 5762 5840 5687 5856 5770 5824 5814 5711 5647 5718 5683 5810 5783 0 5690 5796 5516 5720 5746 5818 5845 5778 5660 5776 5696 5721 5611 0
5821 0 0 5776 5852 5785 5837 5695 5642 5782 5765 5705 5736 5777 5642 5686 5743 5565 5639 5709 5766 5631 5752 5619 5778 5651 5791 5751 5740 5902 5705 5782 5741 5710 5610 5568 5628 5659 5852 5774 5662 5720 5725 5656 5768 0 5739 5814 5802 5763 5741 5816 5776 5642 5708 5571 5823 5812 5730 5710 5746 5715 5844 5712 5736 5901 5637 5773 5664 5703 5611 5791 5716 5753 5849 5810 5733 5638 5750 0 5795 5687 5695 5656 5681 5707 5734 5617 0 5654 5669 5722 0 5578 5665 5799 5758 0 5780 5780
5847 0 5728 5759 5759 5782 5808 0 5750 5759 5764 5856 5789 5721 5868 5647 5693 5799 5684 5687 0 5743 5692 5745 5688 5683 5825 5690 5703 5657 5750 5752 5729 5655 5751 5871 5760 5718 5714 5766 5872 5794 5774 0 5680 5733 5669 5619 5719 5792 5766 5640 5896 5753 5733 5829 5814 5723 5659 5674 5827 5851 5676 5754 5720 5651 5733 0 5615 5745 0 0 5691 0 0 5810 5804 5828 0 5639 5702 5762 5671 5644 5709 5695 5718 0 5811 5809 5703 5795 5762 5756 5888 5874 5763 5831 5739 5717
5861 5686 5689 5592 5785 5611 5789 5728 5761 5729 5535 5633 5650 5743 5610 5746 5776 5722 5793 5767 5580 5688 5688 0 0 5639 5715 5558 5777 5717 5788 5663 5773 0 5845 5699 0 5636 5654 5724 5832 5779 5748 5746 5728 5716 0 5801 5750 5586 5816 5621 5664 0 5784 5723 5781 5562 5847 5663 5781 0 5637 5781 5599 5782 5715 5751 5720 5795 5695 5711 5615 5760 5838 5669 5772 5703 5661 5830 5486 5707 5764 0 5732 5731 5741 5733 5771 5738 5793 5793 5800 5777 5667 5826 5719 5626 5922 5690
5891 5676 5735 5768 5714 5810 0 5624 5775 5700 5857 5673 5705 5740 5688 5795 5659 5859 5864 5714 5748 5711 0 5800 5694 5689 5784 5650 5818 5739 5786 5767 5751 5774 5695 5837 5683 5734 5769 0 5846 5709 5589 5815 5760 5702 5597 5856 5671 5844 5760 5746 5700 5716 5679 5807 5685 5680 5775 5615 5634 5745 0 5625 5692 5647 5686 0 5684 5669 5815 5729 5907 5708 0 5754 5765 5709 0 5700 5707 5610 5600 5808 5671 5725 5633 5619 0 5954 5667 5543 5774 5707 5691 5703 0 5688 0 5752
0 5807 5808 5825 0 5661 5713 5698 5653 5754 5805 5872 5717 5734 5836 5777 5667 0 5791 5751 5794 5658 5654 5740 5835 5623 5716 5743 5757 5800 5838 5752 5748 5665 5701 5801 0 0 5772 5758 5805 5730 5752 5800 5807 5690 5816 5653 0 5660 5802 5650 5700 5729 5660 5824 5718 5699 5748 5744 5703 5837 0 5837 5746 5678 5752 5759 5759 5835 5636 5694 5748 5727 5845 5746 5767 0 5733 5834 5777 0 5741 5741 5820 5683 5855 5710 0 5692 0 5719 5753 5766 5592 5679 0 5670 5759 5800
5830 5669 0 5806 5757 5895 5575 5816 5789 0 5762 5843 5679 5883 5575 5603 5836 0 5735 5605 5816 5809 5724 5599 5700 5848 5837 5841 5785 5731 5740 5711 5781 5704 5663 5615 5713 5543 5721 5801 5672 5657 5683 5755 5750 5739 5669 5739 5653 5619 5832 5665 0 5684 5899 0 5713 5807 0 5648 5738 5716 5738 5764 5665 5624 5628 5721 5655 5806 0 5694 5722 5693 5766 5589 5644 5649 5909 5748 5882 5703 5650 5690 5839 5837 5669 5723 5720 5718 5721 5748 5802 5631 5723 5821 5707 5740 5742 0
5703 5693 5800 0 5753 5782 5798 5805 0 5734 0 5812 5570 5682 5741 5774 5735 5734 5772 5871 5857 5717 5812 5590 5696 5745 5757 5692 5610 5735 5585 5740 5708 0 5588 5632 5702 5823 5729 5900 5635 5606 5577 0 0 5788 5678 5693 5822 5674 5735 5704 5732 5695 5716 5660 5718 5764 5684 5780 5619 5690 5783 5736 5764 0 5631 5779 5792 5716 5743 5642 5643 5713 5646 5805 5727 5859 5792 5734 5667 5683 5619 5643 0 5847 5737 5689 5762 5722 5662 5692 5747 5709 5626 5701 5639 5662 0 5726
5666 5691 5843 5741 5722 0 5570 5646 5728 5720 5776 5868 0 5867 5713 5765 5750 5638 5783 5722 5740 5793 5720 5593 5734 5589 5653 5781 5642 5777 5648 5575 5823 5740 5767 5750 5703 5657 5765 5702 5687 5828 0 5706 5841 5724 5692 0 5712 5794 5835 0 5689 5779 5737 5852 5860 5600 5771 5767 5595 5708 5653 5760 5749 5662 5646 5796 5794 5753 5745 5729 5602 5796 5761 5712 0 5713 5737 5780 0 5715 5628 5883 5709 5781 5681 5776 5712 0 5674 5751 5742 0 5854 5741 5695 0 5695 5776
5743 5865 5796 5661 5823 5840 5806 5816 5777 5699 0 5756 5758 5751 5746 5709 5806 5780 5620 5697 5740 5597 5770 5747 5810 5709 5778 0 5647 5727 5750 5837 5820 5674 5839 5723 5722 5708 0 5652 5690 5687 5825 5675 5732 5778 5775 5685 5727 5756 5659 0 5760 5721 5831 5814 5759 5934 0 5610 5797 5531 5687 5772 5825 5661 5736 5753 5689 5660 5708 5869 5692 5739 5818 5862 5687 5603 0 5801 5727 5762 5529 5597 5791 0 5805 5911 5637 5736 5683 5862 5691 5709 5740 5758 5773 5845 0 5751
5765 5754 5814 5750 5806 5756 5750 5749 0 5748 5768 5693 5884 5596 5637 5672 5703 5708 5699 5743 5727 5758 5668 5778 5707 0 5729 5821 5771 5823 5639 5694 5678 5914 5714 5653 5767 5687 0 5636 0 5725 5572 5781 5681 5612 5681 5699 5724 5777 5779 5719 5661 5828 5734 0 0 5661 5612 5669 5659 5723 5884 5824 5699 0 5539 5741 5616 5848 5728 5856 5603 5691 5723 5738 5741 5747 5753 0 5745 5643 5812 5766 5656 5652 5632 5661 0 5810 5620 5701 5775 5852 5808 5612 5867 5660 0 5694
5770 5642 5703 5791 5668 5540 5806 5831 5722 5652 5673 5539 5699 5664 5700 5812 5761 5822 5754 5768 5879 5693 5822 5664 5785 5821 5859 5756 5834 5492 5667 5686 0 5816 5840 0 0 5700 5782 5765 5698 5711 5740 5767 5679 0 5763 5795 5709 5581 0 5711 5713 5673 5644 5632 5763 0 5704 5696 5796 5740 5665 0 0 5728 5819 5740 5748 5853 5807 5803 5722 5686 5701 5732 5684 5768 5677 5845 5752 5825 0 5760 5650 5914 0 0 5736 5669 5796 5740 5786 5664 5766 5667 5806 5755 5867 5637
5708 5669 5724 5756 5671 5823 0 5674 5771 5818 5693 5685 5714 5719 0 5677 5872 5627 5648 0 5624 5742 5836 5808 5708 5729 5758 5695 5804 5886 5746 5724 5860 5729 5770 5618 5708 0 5716 5616 5726 5730 5778 5810 5764 5606 5666 5691 5808 5715 5612 5655 0 5804 5678 5674 5763 5742 5671 5671 0 5682 5747 0 5806 5709 5632 5767 5634 0 0 5773 5727 0 5639 0 5677 5701 5772 5716 5679 5778 5749 5813 5706 5624 5695 5659 5783 5636 5739 5743 5760 5695 5679 5778 5700 5673 0 5715
5682 5695 5770 5727 5723 5716 5742 5778 5782 5726 5708 5779 5669 5731 0 5768 5799 0 5689 0 5707 5575 5749 5635 5676 5670 5707 5786 5671 5812 5799 5709 5690 5707 5714 5642 5719 5804 5619 5676 5715 5825 5744 5663 0 5638 5569 5756 5790 5619 5696 5841 5811 5588 0 5697 0 5765 0 5685 0 5685 5768 5739 5693 5620 5604 5913 5860 5614 5683 5896 5582 0 5751 5651 0 5796 5744 5630 5715 0 0 0 0 5772 5765 5578 5660 5622 5710 5713 5820 0 5752 5574 5844 0 5785 5674
5814 5693 5748 5642 5677 5695 5812 5718 0 5642 0 5695 5747 5705 5768 0 5825 5559 5760 5764 5708 0 5842 5789 5760 5727 5867 5702 5800 5748 0 5721 5637 5744 5668 5791 5576 5712 5808 5708 0 5641 5695 5747 5878 5721 5830 5767 5721 5655 5581 5740 5729 5629 5672 5682 5680 0 5640 5738 5754 5651 5667 5683 0 5782 5688 5759 5672 5810 0 5795 5665 5733 5775 5880 5700 5689 5765 5734 5702 5610 5775 0 5690 5689 5717 0 5743 5715 5690 5714 5732 5686 5708 5607 5693 5630 5650 5756
5644 5785 5835 5546 5683 5685 5627 5988 5712 5758 5821 5837 5723 5644 5701 5823 5677 5801 0 5785 5829 0 5860 0 5720 5688 5912 5841 0 5699 5754 5771 5703 5750 5620 0 5812 5756 5793 5687 5767 5684 5691 5781 5826 0 5763 5563 5840 5848 5719 5734 5648 5693 5806 5738 0 0 0 5793 0 0 5586 5744 5797 5854 5757 5828 5722 5827 0 5744 5699 5601 5794 5710 5700 0 5788 5783 5762 5724 5688 5849 5894 5673 5672 5647 5797 5557 5808 5780 5724 5797 5756 5813 5751 5776 5668 5744
0 5769 5749 5731 5689 0 0 5795 5711 5754 5750 5749 5784 5660 5732 5786 5857 5807 5691 5690 0 5818 5801 5809 5687 5732 0 5914 5777 5623 5829 5677 5843 5709 5616 5682 5727 5783 5625 5760 5791 5762 5730 5836 5735 5777 5645 5757 0 5655 5695 5723 5812 5644 5612 5786 0 5744 0 5859 5787 5718 5716 5721 5799 5792 5780 0 5778 5754 5761 5746 5789 5696 5764 5660 5623 5731 5663 5656 5726 5828 5609 5575 5647 5877 5748 5763 5712 5720 5821 5573 5772 5778 5807 5793 5624 5708 5578 5709
5596 5842 5762 5802 5783 5819 5641 0 5639 5642 5800 5751 5725 5703 5611 5682 0 5691 5715 5634 5832 5664 5735 5698 0 5723 5647 5678 5616 0 5881 5717 0 5684 5878 0 5740 5714 5693 5687 5710 5740 5706 0 5725 0 5773 5844 5713 0 5588 5708 5730 5888 5879 5733 5622 0 5775 5830 5708 0 5637 5785 5810 5832 5696 5677 5776 5746 5762 5684 5772 0 5747 5822 0 5672 5823 5676 5792 5682 5796 5756 5590 5727 5712 0 5661 5587 5687 5776 5721 5597 5814 0 5624 5545 5628 5784
5728 0 5736 5684 5820 5625 5743 5898 5714 5778 5761 5720 0 5810 5662 0 5777 5805 5660 5718 5746 5855 5784 5610 5639 5673 5761 5798 5847 5703 5706 0 5676 5696 5786 5692 5661 0 5921 5737 5769 5584 5781 5801 5718 5694 5801 5676 5741 5739 5654 0 5715 5723 5789 5787 5637 5774 5784 5797 5792 5731 5743 5721 5806 5816 5901 5692 5699 5721 5580 5804 5847 5822 5781 5779 0 5687 5703 5767 5779 5705 5722 5608 5715 5711 5749 5825 5815 5526 5710 5657 5815 5769 5650 5799 5825 5729 5723 0
5914 5688 5760 5616 5835 5759 5722 5812 5667 5787 5555 5843 5783 5771 0 5696 0 5817 0 0 5650 5709 5722 0 0 5754 0 0 5795 5688 5788 5713 5728 5705 0 5762 5753 5694 5777 5824 5673 5719 5624 0 5756 5735 5776 0 5837 5615 5735 5690 0 5743 5813 5748 0 5717 5717 5598 5713 5783 5741 5798 5862 5665 5806 5757 5760 5653 5773 5703 5724 5713 5779 5668 5613 5742 5813 5693 5783 5563 5908 5726 5817 5632 5707 5751 5650 5694 5787 0 0 5806 0 5672 5835 5874 0 5688
5706 5681 5720 0 5675 5722 5722 5689 5707 5846 5788 5788 5718 5748 0 5701 5799 5763 5884 5848 0 5781 5785 5685 5638 0 5714 5701 5750 5639 5617 5796 5839 5725 5726 5810 5748 5795 5720 5689 5765 5597 5744 5705 5605 5739 5899 5736 5765 5621 5753 0 5467 5700 5740 5724 5805 5681 5829 5623 5634 5746 5813 5649 5737 5735 5645 5722 5811 5753 5823 5735 5667 5628 5715 5748 5765 5803 5802 5753 0 5654 5597 5713 5706 0 5653 5766 5710 5597 5616 5787 5751 5683 5757 5712 5748 5792 0 5605
5794 5631 5678 5705 5734 5735 5761 5735 5711 5701 5714 5599 0 5806 5674 5780 5745 5743 5708 5756 5689 5668 5754 5813 5728 5707 5787 5781 0 5721 5721 5681 5819 5683 5747 0 5551 5772 5799 5786 5632 5735 5739 5646 5722 5651 5790 0 5815 5722 5664 5648 5756 5713 5711 5607 0 0 5613 5677 5785 5646 5766 5717 5874 5761 0 5639 5793 5718 5788 5631 5813 5809 5604 5731 5684 5855 5732 5768 5595 5624 5887 5799 5810 5792 5863 5645 5855 5794 5744 5677 5683 5522 5661 5801 5700 5705 5644 5685
5599 5748 5749 5744 5656 5788 5783 5873 5765 5780 5751 5654 5701 5628 5906 5817 5749 5627 5826 5747 5729 5831 5845 5656 5666 5790 5666 5800 5645 5761 5606 5795 5691 5686 5782 5676 5832 5677 5713 5690 5731 5777 5711 5866 5674 5673 5722 5747 5882 5725 5812 5711 5616 5584 5716 5795 5633 5804 5748 0 0 5653 5770 5792 5713 5719 5627 0 5630 5655 5727 5792 5771 5738 5857 5693 5732 5755 5760 5926 5690 5719 5649 5598 5753 5607 5560 5676 5594 5676 0 5802 5654 5689 5693 5746 5921 5673 5727 5733
5667 5743 5831 0 5816 5767 5695 5700 5863 5791 5725 5805 5695 5621 5751 5686 0 5699 5683 5736 5773 5612 5892 5729 5779 5728 5812 5758 0 5723 5645 5732 0 5708 5636 5842 5692 5786 5650 5666 5854 5821 5657 5688 5832 5705 5799 5714 5781 5680 5626 5594 5765 5646 5774 0 5690 5844 5732 5766 5755 5679 5696 5724 0 0 5705 5795 5698 0 5799 5630 5626 5773 5806 5844 5772 5543 5556 5783 5693 5776 5811 5672 5545 5737 5682 5756 0 5711 5768 5665 5633 5757 5749 5788 0 5841 5721 5733
5618 5712 0 5690 5812 5902 0 5765 5789 5789 5772 5729 5789 5621 5598 5583 0 5873 5785 5833 5562 5856 5774 5734 5751 5856 5768 5721 5669 5766 5697 5677 5850 5749 5629 5842 5538 5730 5732 5705 5725 0 5690 5768 0 5590 5621 0 0 5775 5690 5710 5720 5669 5739 5678 5845 5729 5755 0 5661 5748 5790 5755 5700 5561 0 5614 5736 5738 5718 5718 5707 5761 0 5730 5714 5943 5635 5679 5728 5711 5695 5922 5818 5885 5780 5729 0 5728 5817 5752 5862 5706 5710 5722 5638 5743 5731 5738
5671 5834 5781 5788 5665 5653 5710 5739 5709 5598 5621 5713 5668 5754 5621 5679 5683 5802 5565 5731 5694 5799 5657 5627 5686 5758 5728 5730 5673 5671 5772 5862 5653 5795 5776 5658 5816 5672 0 5699 5800 5691 5736 0 5632 5767 5747 5680 5629 5734 5714 5692 5591 5722 5818 5682 5904 5745 5652 5812 0 0 5642 0 5578 5788 5774 5811 5700 5778 5791 5576 0 5785 5969 5781 5651 5719 5810 0 5799 5772 5691 5683 5759 5781 5740 5679 5564 5718 5758 0 5824 5802 0 5706 5760 0 5671 5734
5737 5744 5622 5663 5689 5779 5786 5742 5703 5784 5746 0 5578 5738 5746 5657 5659 5767 5812 5605 5574 5730 5665 5669 5798 5723 5718 5656 5655 5690 5862 5919 5659 5697 0 5724 0 5756 5705 5746 5656 5922 5676 5853 5793 5708 5673 5783 5784 0 5701 0 5647 5671 5764 5702 5756 5610 5599 0 5604 5694 5730 5586 5812 5767 5722 5810 5784 5748 5831 5607 5709 5656 0 5650 5706 5743 5755 5855 5790 0 5731 5719 5712 5891 5614 5815 5698 5643 5832 5732 5667 5759 5704 5758 5825 0 5935 5939
5725 5842 5712 5702 5791 5687 5695 5848 5687 5886 5767 5805 5745 5467 5727 5789 5686 5797 0 5665 5840 5637 5694 5639 5778 5742 5685 5605 5670 5754 5677 0 0 5645 0 5780 5610 5553 5767 0 0 5644 0 5565 5828 5832 5702 5751 5748 5721 5790 5716 5749 5745 5778 0 0 5685 5737 5641 5842 5762 5691 5759 0 0 5787 5761 5702 5745 5719 5650 5799 5816 5735 5824 5743 5702 5652 0 5605 5764 5728 5757 5816 0 5707 5728 5748 5752 5726 5793 0 5712 0 5780 5598 5834 5630 5742
5691 5824 5706 5723 5682 5846 5684 5597 0 5675 5669 5745 5746 5763 5862 5712 5751 5695 5671 5746 5609 5825 5598 5616 5760 5681 0 5739 5809 5655 5611 5642 5792 5743 0 5742 5743 5658 5792 5778 5941 5810 5724 5808 5760 5662 5680 5836 5691 5794 5764 5789 5737 5717 5684 5695 5599 5648 5782 5710 5668 5784 5876 5712 0 5734 5526 5712 5769 5713 5683 5837 0 5663 5576 5807 5822 5844 5679 5653 5703 5813 5544 5936 5752 0 5768 0 5734 5798 5763 5770 5690 5627 5802 5746 5760 5706 5742 5728
5731 5796 5721 0 5768 5824 5773 5628 5715 5822 5838 5650 5694 5829 5571 5800 5804 5769 5544 5654 5721 5724 5735 5767 5790 5791 5874 5689 5847 5775 0 5719 5774 5771 0 5730 5701 5648 5843 5727 5791 5661 5719 5757 5697 5660 5656 0 5735 5615 5744 5603 5826 5811 0 5740 5755 5559 5616 5853 5684 5631 5702 5786 5806 5560 5653 5758 5701 5664 5682 5676 0 5752 0 5818 5623 5807 5671 0 5682 5767 5687 5685 5745 5824 5694 5667 5725 5841 5573 5825 5687 5635 5682 5555 5526 5711 5718 5690
5691 5740 5812 5789 5753 0 5684 5716 5772 5743 5824 5736 5682 5669 5785 5658 5766 5575 0 5827 5859 5691 5706 5652 5687 5643 5802 5767 5701 5804 5746 5752 5629 5572 5662 5814 5730 5663 5790 5784 5513 5618 5802 5749 0 5633 5701 5591 5786 5771 5785 0 5611 5768 5720 5880 5918 5671 5711 5719 5649 0 5669 5793 5778 5707 5706 0 5755 5808 5649 0 5803 5827 5868 0 5764 5732 5802 5663 5815 5700 5669 5667 5653 5678 0 5638 5788 5687 5609 5802 5893 0 5733 5653 5742 5725 5783 5768
5699 5847 5863 5802 5907 5859 5743 0 5722 5725 5661 0 5513 5781 5757 5734 5795 0 5740 5699 5789 5780 5754 5779 5760 5652 5720 5704 5680 5696 5800 5695 5792 5704 0 5612 5872 5642 5659 5835 5843 5640 5886 5729 5717 5809 5641 5856 5705 5775 5811 5678 5682 5695 5777 5792 5681 0 5642 5793 5682 5692 5755 5591 5726 5787 5624 0 5716 5711 5726 5726 5724 5823 5709 5793 5689 5750 5712 5681 5795 5815 5626 5789 0 5744 5708 5776 5802 5741 5792 5660 5601 5786 5733 0 5690 0 5816 5773
5735 5736 5661 5642 5808 5777 5732 5918 5840 5721 5853 5639 5695 5754 5786 5605 5734 5785 0 0 5732 5765 5607 0 5702 5655 5800 5817 5834 5738 5763 5692 5775 5692 5762 5622 5602 5617 5683 5576 5782 5712 5741 5649 5702 0 5742 5725 5858 5733 5721 5661 5831 5832 5715 5757 5782 5739 5763 0 5701 5724 5660 5630 5687 5790 5761 5779 0 5713 5806 5684 5668 5806 5659 5729 5721 0 5730 5674 5628 5809 5777 5642 5816 5742 5849 5823 5753 5763 5697 5594 5787 5638 5757 5664 5780 0 5784 5693
5716 5717 5706 5742 5666 5887 5641 5697 5799 5623 5729 5845 5600 5786 5814 0 5734 5772 5784 0 5737 5835 5657 5628 5836 5788 5742 5641 5671 5744 5772 5714 5752 5693 5711 5836 5796 5623 0 5869 5749 5636 5663 5670 5678 5682 5683 5661 5700 5728 5744 5672 5856 5870 5794 0 5645 5615 5710 5751 5717 5747 5646 5726 5628 5566 5678 5826 5630 5691 5715 5914 5692 0 0 5740 0 5792 5785 0 5740 5770 5558 5873 5699 5727 5830 5594 5814 0 0 5638 5647 5810 5816 5768 5694 5669 5732 0
5663 5696 5646 5763 0 5774 5755 5681 0 5850 5626 5691 0 5581 5744 5782 0 5750 5760 5816 0 0 5866 5700 5821 5686 5796 0 5729 5579 5718 5740 0 5683 5776 5711 5725 5709 5764 5755 5665 5744 5692 5772 5774 5781 5832 5705 5846 5667 5670 5695 5654 5782 5717 5789 5675 5816 0 5678 5757 5714 5855 5509 5657 0 5608 5759 5636 5784 0 5700 5833 0 5750 5851 5861 5782 5640 5668 5712 5730 5681 5757 0 5820 0 5751 5925 5681 0 5633 5784 5654 5739 5721 5770 5754 0 5793
5787 5687 5636 0 5916 5704 5769 5641 5807 0 5709 5704 5705 5732 5746 5671 5769 0 5777 5660 5725 5635 5779 5695 5728 5704 5725 5847 5653 5735 5688 5642 5749 5735 5858 5756 5715 5772 5547 5743 5615 5681 5699 5707 5771 5680 5553 5634 5776 5787 5756 5705 5718 5768 5716 5643 5808 5649 5730 5803 5663 0 5564 5597 5732 5770 5786 5724 5698 5708 5615 5636 5833 5871 5823 5765 0 0 5703 5925 5652 5783 5741 5764 0 5598 5723 5804 5717 0 0 5693 5570 5753 0 5647 5846 5750 5713 5773
5768 5837 5713 5649 0 5700 0 0 5781 5808 0 5654 5866 5771 5649 5890 5723 5784 5745 5709 5744 0 0 5622 5804 5696 5753 5744 5632 5689 0 5501 5780 5679 5740 5661 5782 5606 5662 5726 5777 5727 5652 5741 5780 5541 0 5669 5813 5847 5745 5811 5674 5791 5678 5686 5698 0 5720 5731 5817 5753 5744 5659 5625 5766 0 5523 5763 5600 5803 5728 5805 5674 5805 5728 0 5827 5753 5656 5712 5798 5762 5589 5774 5695 5750 5716 5677 5737 5681 5584 5765 5869 5703 5870 5574 5689 5762 5755
5761 5762 0 5807 0 5686 5862 5799 5800 5636 5704 5730 5599 5722 5789 5827 5768 5833 5749 5650 5694 5682 5636 5685 5651 5718 5675 5669 5732 5763 5878 5614 5841 5795 5667 5862 5763 5639 5734 5706 5793 5505 5662 5755 5755 5617 5652 5709 5757 5656 5640 0 5580 5899 5812 5773 5638 5739 5764 5633 5751 5882 5721 5664 0 5742 5866 5657 5610 0 5745 5775 5834 5665 5766 5698 5782 5723 5802 5780 5653 5712 0 5698 5680 5808 5663 5734 5800 5820 5861 5708 5754 5706 5666 5749 5641 0 5829 5684
5754 5764 5731 5697 5699 5859 5748 5613 5700 5794 0 5821 0 5744 5652 5729 5835 0 5775 5558 5744 5732 5837 5784 5624 5767 5764 0 0 5735 5601 5691 5667 5744 5679 5753 5761 5727 5862 5633 5805 5776 5657 0 0 5719 5690 5678 5608 5781 5635 5658 5754 5791 5757 0 5716 5736 5699 5693 0 5679 5654 5825 5755 5668 5786 5704 5692 5756 5684 5533 5647 5768 5716 5784 5569 5668 5824 5640 5721 5601 5739 5667 0 5844 5766 5705 5813 5801 5601 5598 5762 5821 5774 5829 5619 0 5813 5732
5627 5687 0 0 5685 5743 0 5694 5528 5786 5647 0 5764 5833 5693 5633 5738 5761 5756 5549 5643 0 5741 5875 5746 0 5752 5800 5802 5778 5705 5856 5882 5707 5695 5842 0 0 5657 5710 5666 5733 5755 5754 5651 5628 5765 5644 5768 5700 5664 5761 5725 5780 5587 5779 5658 0 5701 5631 5776 5860 5646 0 5709 5651 5773 5607 5754 5785 5744 5588 5742 5727 5800 5708 5752 5699 5774 5637 5729 5687 5658 5776 5828 5722 5769 5786 5692 5668 5679 5721 5672 5693 5662 0 5845 5752 5548 5663
5708 5666 5768 5911 5526 5633 5704 5753 5692 5738 5707 5707 5702 5672 5554 0 5926 0 0 5731 5838 5624 0 5734 5823 0 5754 5658 0 5747 0 5814 5751 5796 5710 5809 5646 5834 5692 5625 5633 5715 5725 5802 5740 5726 0 0 5668 0 5886 5729 5792 5678 5740 5702 5742 5711 5898 5888 5798 5831 5853 5658 0 5644 5848 5885 5796 5738 5726 5650 0 5740 5852 5740 5757 5798 5678 5779 5718 5740 5748 5662 5640 5714 5644 0 5744 5697 5683 5771 0 5753 5923 5671 5609 5653 5759 5759
5587 5725 5684 5774 5757 5576 5829 5818 5758 5710 5730 5703 5720 5760 5691 5706 0 5698 5814 5810 5717 5808 5684 5678 0 5698 5609 5778 5755 0 0 5856 5637 5754 5659 0 5833 5756 5626 5709 5778 5700 5717 5624 5785 5837 5715 0 5801 5665 0 5667 5778 5708 5637 5806 5703 5641 5641 5676 5742 5751 5847 5767 5780 5601 5836 5871 5776 5787 5669 5787 5719 5634 0 5559 5721 5729 5685 5811 5800 5645 0 5788 5661 5726 5614 5627 5799 5619 5702 5717 5793 5664 5829 5612 5801 5563 5659 0
5833 5846 0 5618 5541 5662 5752 5719 5779 5908 5777 5750 5701 0 5633 5725 0 5723 5812 5702 0 0 5691 5575 5788 5715 5631 5770 5686 5675 5845 5642 5798 0 0 5632 5752 5696 5632 0 5937 5729 5754 0 5772 5644 0 5748 5805 5659 5672 0 5679 5682 5695 0 5919 5850 5745 5746 5706 5856 5781 5738 5636 5791 5770 5728 0 5862 5783 5795 5828 5634 5783 5807 0 5705 5728 5774 5834 5620 5717 5595 5663 5753 5796 5681 5765 5665 5619 5669 5880 5787 5726 5813 5631 5714 5788 5795
5698 5667 5822 5677 5813 5680 5744 5669 5730 5818 5745 5751 5673 5734 5628 5771 5707 5724 5728 5680 5668 5737 5764 0 5728 5819 5656 5683 5735 5672 5733 5705 5845 0 0 5569 5739 5852 5659 5918 0 5750 5654 5760 5767 5765 5800 5710 5754 5802 5753 5725 5885 5851 5744 5720 5725 5708 5550 5765 5776 5755 5793 5700 5676 5801 5613 0 5698 5723 5715 5651 5576 5755 5563 5735 5706 5676 5660 5786 0 5612 5778 5797 5873 5680 0 5679 5760 5637 5812 5552 5710 5771 5726 5666 5619 5830 5550 5850
5758 5745 5708 5747 5787 5725 5825 5690 5892 5803 5726 0 5713 5727 0 5812 5702 5793 5767 5675 5710 5677 5841 5661 0 5676 5812 5837 5696 5600 5646 5584 5770 5650 0 5794 5826 0 5705 5692 5789 5821 5786 5686 5602 5819 5771 5746 5751 5728 5753 5678 5743 5787 5553 5824 5775 5698 5689 5688 5733 5749 5622 5714 5728 5731 5630 5691 5708 5823 5678 5786 5752 0 5792 5822 5848 5695 5918 5743 5689 5720 5820 5852 0 5718 5667 5605 5723 5729 5639 5640 5626 5761 5759 5761 5744 5664 5686 5770
5765 5687 5649 5649 5766 5709 5603 5762 5617 5826 5808 5741 5816 5790 5599 5785 5646 5732 5840 5810 5600 5571 5720 5641 5768 5864 5782 5747 5721 5741 5650 5808 5639 5799 5775 5722 5786 5763 5712 5754 5685 5811 5759 5737 5538 5771 5633 5636 5729 5746 5847 5743 0 5634 5787 5655 5631 5741 5699 5659 0 5748 5626 5764 5788 5808 5839 5770 0 5687 5839 5638 5665 5707 0 5657 5880 5725 5694 5690 5630 5626 5735 5795 5757 5784 5829 5753 5790 5774 5765 5652 5657 5776 5853 0 5650 5704 5626 5656
5721 5532 5596 5723 5896 5705 5727 5614 5831 5731 0 5786 5756 5635 5592 5745 5900 0 5699 5754 5647 5683 5712 5608 5704 5677 5855 5772 0 5670 5619 5805 5642 5650 5757 5821 5718 5634 5659 5713 5752 5804 5768 0 5810 5792 5758 5795 5671 5875 5723 5855 5792 5773 5742 5759 5692 5552 5707 5777 5670 5784 5573 5663 5746 5679 5686 5744 0 5859 5733 5719 5784 0 5744 5679 5778 5830 5684 5727 5691 5851 5713 5667 5701 5621 5759 5669 5793 5659 5738 5799 0 5718 5694 5845 5889 5756 5886 5773
5789 5677 5725 5785 5660 5891 0 5729 5679 5714 5623 5718 5793 5560 5730 5805 5673 5808 5905 5624 5743 5735 5615 5616 5695 5755 5813 5664 5557 5659 5659 5807 5693 5708 0 5708 5793 5675 5808 5747 5773 5641 5734 5723 5649 5633 5565 5556 5813 5816 5702 0 5666 5679 5867 5631 5695 5808 5692 5705 5767 5822 5552 5699 5683 5774 5665 5689 5797 5705 5762 0 5672 5766 5771 0 5785 5855 5644 5712 5573 5758 5602 5745 5537 0 0 5818 5676 0 5759 5762 5652 5689 5695 5718 0 5792 0 5724
5792 5750 0 5837 5599 5697 5648 0 5704 5621 5745 5747 5712 5815 5796 5740 5656 5755 5771 5839 5763 5830 5882 5675 5667 5703 5694 5779 5649 5749 5674 0 5649 5589 5685 0 5758 5683 5725 5811 5760 5765 5838 5643 5765 5753 5769 5502 5798 5736 5812 5835 5713 5705 0 5673 5776 5692 5582 5795 5756 5697 5735 0 5654 5668 5704 5855 5795 5657 5676 5737 5804 5784 5865 5684 5823 5842 5652 5699 0 5781 5754 5763 5748 5639 5802 5522 0 0 5793 5755 5706 5594 5736 5686 5779 0 5686 5778
5649 5702 5768 0 5808 5698 5669 5619 5702 5658 5783 5769 5761 5798 5771 5765 5719 5665 5760 5681 5805 0 5682 5666 0 5824 5788 5805 5713 5815 5641 5754 5722 0 5722 5677 5816 5586 5815 5547 5712 5666 5818 5749 5662 5828 5602 5773 5770 5578 5550 5860 5680 0 5794 5753 5582 5735 5756 5765 5829 5729 5779 5733 5747 5713 5709 5759 0 5785 5755 5665 5740 5879 5685 5634 5625 5670 5671 5625 5747 5775 5684 5749 5839 5624 5711 5689 5778 5808 5616 5739 5698 5593 5732 5669 0 0 5739 5649
5654 0 5736 5781 5770 5629 5743 5724 0 5669 0 5678 5721 5752 0 5641 5769 5793 5603 5582 5716 5787 5740 0 5817 5730 5617 5757 5779 5634 5798 5708 5759 5736 5731 5811 0 5756 5677 5690 5723 0 5714 5739 5562 5676 5598 5711 5810 5788 5722 5802 5897 5636 5746 5764 5658 5686 5699 0 5659 5621 5587 5708 5783 5671 5663 5719 5726 5651 5851 5669 5825 5693 5701 5694 5598 5724 5758 5708 5669 5624 5685 5797 5753 5756 5728 5811 5737 5700 0 5532 5566 5758 5782 5743 5812 5676 5849 5819
5854 5748 5668 5715 5763 5639 0 5748 5673 5795 5872 5721 0 5733 5788 5749 5740 5716 5744 5783 0 5650 5706 5772 5720 5669 5637 5652 5673 5701 0 5726 5692 5769 5734 5619 5778 0 5767 5762 5701 0 5753 5598 5729 5736 5725 5712 5687 5744 5800 5635 5577 5760 5678 5617 5757 5701 5735 5746 5778 5661 5697 5727 5648 5632 5828 5781 5777 5796 5771 5856 5678 5683 5692 5820 5778 5860 5699 5615 0 5951 5744 5558 0 5706 5847 5644 5835 5564 5676 5639 5721 5813 5697 5780 5615 5740 5727 0
5621 5580 5786 5670 5831 5843 5782 5725 5577 5899 5750 5838 5656 5712 0 5489 5756 5774 5840 0 5729 5700 5570 5687 5884 5859 5861 5655 5786 5638 5751 5700 5737 5729 0 5758 5827 5725 5763 5750 5961 5829 5698 0 5655 5651 5800 5795 5779 5770 5781 5779 5807 5693 5854 5701 5725 5770 5739 5726 5666 5685 5600 5708 5740 5668 5650 5874 0 5857 5774 5611 5807 5836 5607 5750 5802 5658 5680 5810 5670 5726 5845 5661 5736 5611 5781 5648 5765 5652 5691 5694 5702 5753 5634 5700 5728 5729 5762 0
5735 5616 5637 5649 5692 5539 5677 0 5715 5662 5624 5922 5649 5821 5538 0 5684 5766 5645 0 5673 5819 5840 5685 5630 5802 5703 5671 0 5595 5636 5774 5714 5614 0 5642 5859 5725 5855 5772 0 5865 5663 5717 5716 0 5658 5826 5756 5603 5633 5737 5758 5813 5836 0 5728 5753 5551 5763 5810 5745 5755 5806 5777 5635 5751 5830 5690 5682 5619 5738 5836 5862 5694 5670 5697 5795 5703 5878 5597 5747 5693 5648 5653 5690 5786 5740 5728 5609 5616 5779 5863 5712 5860 5738 5512 5712 5782 5680
5648 5708 5719 5662 5661 5757 5593 5674 5737 5747 5699 5764 5756 5775 5820 5797 5731 5747 5649 5775 5662 5760 5602 5704 5747 5728 5784 5820 0 5722 5785 5490 5691 0 5534 0 5894 5701 5780 5789 5790 5822 5782 5797 5869 5899 0 5737 0 5866 5815 5651 5830 5601 5760 5744 5839 5727 5623 5686 5546 5784 5845 5745 5679 0 5814 5710 5787 5736 5603 5703 5821 5748 0 5724 5755 5623 5627 5759 5801 5786 5691 0 5817 5871 0 0 5853 5791 5755 5898 5706 5797 5791 5735 5606 5701 5780 5716
5531 5705 5729 5606 5835 5551 5725 5705 5696 5798 5839 5809 5799 5678 5721 5538 5610 5703 5797 0 5778 5632 5685 5641 5786 5649 0 5730 5678 0 5624 5805 0 5622 0 5672 5756 5696 5711 0 5759 5928 5639 5757 5679 5619 5660 5810 5900 5763 5787 5714 5827 5713 5755 5600 5679 5733 5751 5698 0 5752 5732 5733 5619 0 5671 5719 5759 5731 5756 5686 5911 5772 0 0 5715 5798 5752 5678 5790 5692 5705 5764 5761 5688 5744 5756 5613 5826 0 5755 5593 5715 5761 5667 5810 0 5773 0
5663 5631 5696 5737 0 5885 5744 5801 5765 5742 5857 5733 0 5693 5818 5817 5640 5774 5701 5665 5795 5837 5729 5768 5696 5609 5761 5782 5703 5691 5753 5695 5634 5729 5732 5797 5709 5788 5688 5783 0 0 0 5869 5642 5670 5616 5769 5670 5814 5583 5698 5640 5804 5811 5785 5868 0 5847 5808 5672 5497 5643 5801 5761 0 5789 5803 5842 5885 5721 5816 5727 5796 5720 5604 5707 5815 5739 5577 5624 5714 5750 5773 5742 5849 5820 5778 5789 5816 0 5839 5697 5767 5721 5701 5680 5635 5847 5665
5691 5767 5604 5771 5711 0 5743 5751 0 5639 5610 5753 5687 5624 5657 5673 0 5706 5750 5718 5684 5769 0 5713 5670 5808 5809 5848 5788 5912 0 0 5772 5677 5687 5685 5719 0 5817 5795 0 5694 5769 5759 5793 5759 5809 5659 5642 5740 5748 5663 5703 5738 5540 5751 5640 5774 5809 5860 5795 5784 0 5742 5622 5696 5682 5572 5783 5631 5707 5747 5772 5845 5658 5684 5732 5620 5775 5757 5767 5708 5802 5874 5743 5637 5814 5937 5756 5676 5788 5706 5898 0 5795 5705 5651 5771 5846 5814
5832 5647 5738 5703 5593 0 5648 0 5720 5684 5608 5690 0 5688 5861 5687 5698 5771 5845 5884 5830 5686 5814 5696 5760 5692 0 5762 5775 5726 5687 5642 5709 5653 5720 5695 5645 5742 5717 5677 5617 5706 5815 5797 5683 5865 0 5802 0 5718 5621 5783 5652 5760 5758 5805 5619 0 5623 5830 0 5654 5769 0 5744 5731 5666 5700 5681 5724 5718 5691 5824 5650 5777 5737 5681 5709 5802 5698 5788 5660 5737 5750 5595 5827 0 5651 0 5795 5680 5672 5738 5878 5608 5769 5695 5714 0 5703
5636 0 0 5817 5715 5783 5652 5921 5731 5785 5653 5742 5779 5621 0 5706 5782 5823 5916 5627 5789 0 5688 5834 5724 5742 5696 5611 0 5818 5719 5798 5725 5786 5641 5786 5601 5703 5772 5807 5692 5716 5686 0 5724 5708 5693 5727 5721 5738 5683 5853 5646 5849 5746 5745 5737 0 5706 5865 5666 5725 5807 5802 0 5710 5765 5794 5558 5629 5697 5628 5762 5728 5835 5642 0 5665 5668 5729 5890 5782 5776 5736 5653 5734 0 0 5820 0 5619 5749 5701 5730 0 5802 5611 0 5644 5660
0 5634 5694 5578 5724 5753 5663 5681 5601 5793 5801 5667 5886 5903 5826 5720 5570 5635 5726 5736 5779 5662 5846 5759 5724 5736 5741 5672 5809 5687 5658 5802 5747 5625 5677 5745 5684 5786 5761 5719 5663 5608 5676 5738 0 5646 5822 5679 5826 5758 5736 5745 5674 5968 5550 5857 5663 5857 5853 5817 5632 5656 5733 5661 5782 5764 5804 5707 5792 5674 5693 5644 5752 0 5679 5636 5755 5632 5785 5718 5772 5709 5807 5789 5832 5738 5751 0 0 5788 5729 5713 5812 5768 5845 5710 5841 5782 5606 5798
5656 5803 5812 5718 5723 5717 5865 5650 5848 0 5734 5808 5717 5690 0 5780 5887 5682 5739 5712 5827 5638 5782 5703 5760 0 0 0 5731 5682 0 5692 5744 5862 5549 5651 5754 5666 5641 5848 5759 5691 5703 5709 5704 5892 5676 5688 5615 5696 5710 5802 5818 5619 5724 5734 5860 5697 5738 5723 5747 5694 0 5734 5749 0 0 5614 5699 5653 5698 5727 5826 5679 5887 5737 5774 5764 5803 5746 5573 5718 5763 5756 5825 5639 0 5852 5730 5726 5863 5664 5613 5714 5644 5628 5753 5654 5764 0
5644 5730 5763 5756 5695 5730 5744 5777 5788 5682 5830 0 5662 5567 5768 0 0 5687 5708 5672 5720 0 5785 0 5697 5522 5707 5684 5729 5812 5763 0 5737 5822 5759 5772 5665 5746 5603 5671 5751 5696 5674 5792 5716 5582 5799 5673 5697 5722 5717 5865 5816 5631 5698 5750 5762 0 5766 5824 5693 5761 5601 5737 5732 5737 0 5837 5688 5661 5783 0 5700 5789 5720 5781 5647 5695 5817 5772 5709 5709 5669 5701 5721 5753 5648 5734 5797 5797 0 5810 5688 5849 5627 5618 0 5716 5641 5676
5635 5679 5739 5619 0 5785 5722 5637 5682 5759 5844 5847 5662 5694 5629 5694 5704 5670 5726 5750 5646 5879 5610 5689 5701 5879 5629 5588 5616 5728 5715 5744 5695 5607 5647 5760 5660 0 5601 5720 5593 5745 5822 5759 5605 5781 0 5742 5710 5591 5744 5730 0 5634 5752 5646 5844 0 5741 5726 5720 0 5739 5733 5732 0 5735 5572 5736 5754 5749 5830 5709 5731 5729 0 5667 5652 5746 5737 5647 5656 5688 5845 5825 5804 5536 5683 5610 5788 5680 5835 5694 5683 5688 5614 5549 5777 5731 5713
0 5695 5705 5814 5621 5921 5573 5749 5564 5682 5754 5798 5845 5891 5787 5773 5698 5836 5620 5641 5755 5650 5750 5837 5839 5540 5663 5651 5697 5627 5671 5638 0 5757 5644 5653 5784 5693 5636 5800 5620 5784 5667 5766 5750 5819 5688 5787 0 5719 5618 5791 5622 5752 5669 5736 5685 5600 5719 5736 0 5844 5611 5621 5775 5591 5706 5813 0 5742 0 5672 5697 5843 5589 5703 0 5812 5722 5767 5747 0 5803 5747 5726 5787 5696 5661 5745 5734 5695 5695 5698 5761 5654 5827 5728 0 5776 5794
5664 5778 0 5754 5795 5784 5706 5704 5771 5637 5855 5618 5828 5790 5672 5556 5848 5748 0 5769 5823 5612 5669 0 5765 5749 5692 5787 5750 5800 5672 5744 5758 5674 5780 5602 5749 5561 5817 5862 5772 0 5769 5736 5781 5701 5905 5753 5795 5725 5762 0 5822 5767 5611 5739 5777 5664 5710 0 5663 5740 5645 5797 5736 0 0 0 5760 5726 5828 5739 5873 5724 5685 5629 5714 5650 5754 5667 0 5716 5836 5748 5693 5702 5568 5866 5678 5682 5631 5782 5826 0 5786 5664 5654 5851 5713 5804
0 5609 5773 5760 5749 5658 5681 5885 5633 5620 5802 5724 5935 0 0 5732 5808 0 5749 5518 5671 5713 5838 5635 5709 5777 5679 0 5721 5655 5822 5663 5673 5724 5787 5704 5769 5684 0 5742 5633 5867 5743 5763 5765 5663 5631 5727 5812 5641 5764 0 5583 5724 5742 5889 5838 5646 5687 5890 5610 5688 5647 5792 5738 5693 5884 5680 5612 5736 5649 5842 5762 0 0 5908 0 5829 5808 5795 5650 5715 0 5715 5787 5796 5796 5637 5741 5726 5715 5583 5650 5903 5597 5710 5704 5672 5673 5782
5533 5850 5739 5661 5653 0 5719 5816 0 5721 0 5705 5693 5700 5687 5737 5794 5740 5711 5596 5792 5783 5714 5569 5668 5708 5773 5624 5661 5713 5813 5779 0 5769 5683 5690 5673 5825 0 0 0 5655 5719 5566 5754 5814 0 5927 5746 5725 5715 5746 5767 5724 5614 5728 5818 5810 5769 0 5717 5690 5642 5813 5784 5748 5734 5642 5707 5794 5734 5718 5728 5615 5843 5750 5774 5766 5700 5817 0 5729 0 5677 5714 5701 5736 5675 5759 5645 0 5634 0 5775 5611 5611 5777 0 5802 5890
5806 5779 5825 0 5569 5685 5717 5789 5690 5884 5776 5482 5664 5695 0 5623 5739 5937 5652 5622 5678 5698 0 5723 5751 5634 5627 5755 0 5639 5809 0 5676 5698 5756 5792 5812 5809 5806 0 5760 0 5841 5683 5689 5796 5735 5702 5627 5891 5727 5744 5846 5755 5614 5889 5695 5859 5718 5681 5714 0 5746 5755 5728 5730 5680 0 5765 5688 5690 5718 5697 0 5708 0 5710 5696 5658 5817 5633 5724 5764 0 5604 5733 5648 5699 5697 5670 5737 5732 5789 0 5716 5847 5779 5791 5930 5779
5831 5669 5822 5786 5763 5712 5720 5773 0 5740 5717 0 5612 5652 5771 5712 5642 5740 5775 5854 5675 5739 0 5725 5718 5628 5735 5767 5713 5731 5649 5589 5812 5755 5836 5744 5654 5851 5793 5671 0 5758 5611 5700 0 5722 5788 5830 5721 5653 5723 5751 5707 5592 5833 5869 5638 0 0 5677 5755 5696 5770 5631 5822 5856 5664 5872 5804 5678 5732 5608 5684 5664 5676 5721 5757 5708 5635 5758 5765 5672 5781 5716 5735 5722 5761 5759 5635 5651 5726 5779 5756 5652 0 5716 0 5666 5625 5642
5787 5842 5646 5630 5844 5521 5763 5715 0 5732 5950 5774 5810 5593 0 5846 5794 5649 5787 0 5834 5633 5816 5714 5839 5728 5667 5782 5763 5785 5757 5790 0 5727 5828 5924 5765 5918 5713 5785 5668 5719 5611 5828 5669 5650 5642 5687 5707 5711 5846 0 5709 5674 5698 5667 5650 5797 5599 5722 5772 5782 5657 5708 5632 5681 5696 5670 5771 5703 5696 0 5856 5738 5663 5643 5638 5629 5660 5767 5653 5684 5622 5790 5541 5577 5626 5811 5600 5792 5742 5601 5594 0 5774 0 5755 5846 5657 5766
